gcn_vae,cora,0.1,128,0.1,0,0.005534419868145798,0.10038308113597866
gcn_vae,cora,0.1,128,0.1,0,0.005733045055161938,0.09637962193299245
gcn_vae,cora,0.1,128,0.1,10,0.004604461395057914,0.12414428125871856
gcn_vae,cora,0.1,128,0.1,20,0.006689018055688587,0.14514243384243775
gcn_vae,cora,0.1,128,0.1,30,0.00967843347245491,0.14764195963971216
gcn_vae,cora,0.1,128,0.1,40,0.006283983596590912,0.14483757641268974
gcn_vae,cora,0.1,128,0.1,50,0.00804518807382816,0.148946770977386
gcn_vae,cora,0.1,128,0.1,60,0.005845814885444887,0.15700577629893858
gcn_vae,cora,0.1,128,0.1,70,0.005928579624863871,0.16023338815083338
gcn_vae,cora,0.1,128,0.1,80,0.00410352968417073,0.156781472307207
gcn_vae,cora,0.1,128,0.1,90,0.008641859936622727,0.17750172629894573
gcn_vae,cora,0.1,128,0.1,100,0.007823895272028595,0.16953583845431597
gcn_vae,cora,0.1,128,0.1,110,0.008890695571975185,0.18220491272587808
gcn_vae,cora,0.1,128,0.1,120,0.007163724315345233,0.1766880970880004
gcn_vae,cora,0.1,128,0.1,130,0.007371561615202491,0.20531565460581153
gcn_vae,cora,0.1,128,0.1,140,0.011180049732036866,0.21085583935605498
gcn_vae,cora,0.1,128,0.1,150,0.010714609560081882,0.21639220104874543
gcn_vae,cora,0.1,128,0.1,160,0.009021233885470832,0.2201623639978686
gcn_vae,cora,0.1,128,0.1,170,0.015185082411641739,0.2071012378665486
gcn_vae,cora,0.1,128,0.1,180,0.020365858051549203,0.2830618735121485
gcn_vae,cora,0.1,128,0.1,190,0.024438070402140376,0.31854957575907256
gcn_vae,cora,0.1,128,0.1,200,0.02516047138225213,0.3140506447075027
gcn_vae,cora,0.1,128,0.1,210,0.035973519555762945,0.38348605700397786
gcn_vae,cora,0.1,128,0.1,220,0.034942482814900755,0.3796004125886788
gcn_vae,cora,0.1,128,0.1,230,0.036762470430334024,0.33681230374073784
gcn_vae,cora,0.1,128,0.1,240,0.0383053472373342,0.41536838264634846
gcn_vae,cora,0.1,128,0.1,250,0.04265356895168974,0.4580506304921901
gcn_vae,cora,0.1,128,0.1,260,0.0491458734898723,0.4828622919592592
gcn_vae,cora,0.1,128,0.1,270,0.053871520138829704,0.5173183609715865
gcn_vae,cora,0.1,128,0.1,280,0.053651782761129654,0.5063600959806419
gcn_vae,cora,0.1,128,0.1,290,0.06022588955241689,0.5137990659821683
gcn_vae,cora,0.1,128,0.1,300,0.05691601262165258,0.5413375726075808
gcn_vae,cora,0.1,128,0.1,310,0.062417715166388194,0.5318717539010622
gcn_vae,cora,0.1,128,0.1,320,0.060757596252797405,0.539185945047622
gcn_vae,cora,0.1,128,0.1,330,0.06153231242523537,0.530303025951848
gcn_vae,cora,0.1,128,0.1,340,0.0614082488799694,0.5265673602638362
gcn_vae,cora,0.1,128,0.1,350,0.0648284629621752,0.5467672297127029
gcn_vae,cora,0.1,128,0.1,360,0.06558525745002011,0.5456281380482031
gcn_vae,cora,0.1,128,0.1,370,0.06574990478860993,0.5502990528437733
gcn_vae,cora,0.1,128,0.1,380,0.07360042284959266,0.553137753845637
gcn_vae,cora,0.1,128,0.1,390,0.06948691886363383,0.5598146789902418
gcn_vae,cora,0.1,128,0.1,400,0.07535573035762237,0.5675174938088006
gcn_vae,cora,0.1,128,0.1,410,0.07386737047944117,0.5750648735174614
gcn_vae,cora,0.1,128,0.1,420,0.06796161952972288,0.5625920136363618
gcn_vae,cora,0.1,128,0.1,430,0.07449891370715975,0.5719054305509468
gcn_vae,cora,0.1,128,0.1,440,0.0763120861030108,0.5756808524477834
gcn_vae,cora,0.1,128,0.1,450,0.07659538672648168,0.5716032295179961
gcn_vae,cora,0.1,128,0.1,460,0.0769936019206267,0.5783881156540601
gcn_vae,cora,0.1,128,0.1,470,0.0767776317268269,0.5726299627774193
gcn_vae,cora,0.1,128,0.1,480,0.08262253381835731,0.5797437934006776
gcn_vae,cora,0.1,128,0.1,490,0.07871655915812273,0.583703763080421
gcn_vae,cora,0.1,128,0.1,500,0.07311263062719961,0.56884915629248
gcn_vae,cora,0.1,128,0.1,510,0.07472891581373525,0.5747177111738531
gcn_vae,cora,0.1,128,0.1,520,0.0807793575408182,0.5815484201546712
gcn_vae,cora,0.1,128,0.1,530,0.08159266416348745,0.5757678853401502
gcn_vae,cora,0.1,128,0.1,540,0.08067523024620843,0.5843634648661371
gcn_vae,cora,0.1,128,0.1,550,0.08311099526859754,0.5829284541881397
gcn_vae,cora,0.1,128,0.1,560,0.07587672852805148,0.5753196722264813
gcn_vae,cora,0.1,128,0.1,570,0.08125059910313003,0.5786760654771657
gcn_vae,cora,0.1,128,0.1,580,0.07929822550949461,0.5814889204561363
gcn_vae,cora,0.1,128,0.1,590,0.07929274592898038,0.5773958078612402
gcn_vae,cora,0.1,128,0.1,600,0.08136769809107461,0.5716459293016505
gcn_vae,cora,0.1,128,0.1,610,0.07580916828871206,0.5765277584132036
gcn_vae,cora,0.1,128,0.1,620,0.08017569379779486,0.5800134356242339
gcn_vae,cora,0.1,128,0.1,630,0.07938093261165945,0.5837902036680962
gcn_vae,cora,0.1,128,0.1,640,0.08159816049012764,0.590751488910405
gcn_vae,cora,0.1,128,0.1,650,0.08317187888491825,0.5822739575042563
gcn_vae,cora,0.1,128,0.1,660,0.08448473187320095,0.5790210201396518
gcn_vae,cora,0.1,128,0.1,670,0.08392074519482375,0.5863766726146022
gcn_vae,cora,0.1,128,0.1,680,0.08423688386503222,0.5862528809341213
gcn_vae,cora,0.1,128,0.1,690,0.08543635579666072,0.5927176174102257
gcn_vae,cora,0.1,128,0.1,700,0.08199265825572781,0.5849366901669236
gcn_vae,cora,0.1,128,0.1,710,0.07927945304298746,0.5816582478033393
gcn_vae,cora,0.1,128,0.1,720,0.08432372320542912,0.5901022511742349
gcn_vae,cora,0.1,128,0.1,730,0.08215939681607522,0.5870576435233241
gcn_vae,cora,0.1,128,0.1,740,0.08331704957923361,0.5941001104055945
gcn_vae,cora,0.1,128,0.1,750,0.08276206599501415,0.5885593154020328
gcn_vae,cora,0.1,128,0.1,760,0.08222847556106504,0.5850282999591776
gcn_vae,cora,0.1,128,0.1,770,0.08352099526862858,0.5813159674862775
gcn_vae,cora,0.1,128,0.1,780,0.08472084090131868,0.5897796784496292
gcn_vae,cora,0.1,128,0.1,790,0.08276095632216046,0.5859188569854835
gcn_vae,cora,0.1,128,0.1,800,0.08425984432412899,0.5864494004512429
gcn_vae,cora,0.1,128,0.1,810,0.08071347409697054,0.5898888778963519
gcn_vae,cora,0.1,128,0.1,820,0.08123644230262413,0.585708570871446
gcn_vae,cora,0.1,128,0.1,830,0.08266169307983129,0.5895843255932631
gcn_vae,cora,0.1,128,0.1,840,0.080320760895995,0.591401013824607
gcn_vae,cora,0.1,128,0.1,850,0.0807092112314934,0.5833920492751554
gcn_vae,cora,0.1,128,0.1,860,0.08188696905301485,0.5794438179974759
gcn_vae,cora,0.1,128,0.1,870,0.08170782680801393,0.5873355600639316
gcn_vae,cora,0.1,128,0.1,880,0.07933894591034009,0.5862588757755421
gcn_vae,cora,0.1,128,0.1,890,0.0789587041802845,0.5834883616076857
gcn_vae,cora,0.1,128,0.1,900,0.07945812280823285,0.5843445111160155
gcn_vae,cora,0.1,128,0.1,910,0.08012332142921133,0.5852592808401567
gcn_vae,cora,0.1,128,0.1,920,0.08340214770211075,0.5868495291931546
gcn_vae,cora,0.1,128,0.1,930,0.07998383788408979,0.5872852859596794
gcn_vae,cora,0.1,128,0.1,940,0.0813505891109223,0.5864114391051188
gcn_vae,cora,0.1,128,0.1,950,0.07914885775678346,0.5896250689765736
gcn_vae,cora,0.1,128,0.1,960,0.08173498742332282,0.5925248850534028
gcn_vae,cora,0.1,128,0.1,970,0.0801699718231936,0.5885685768935693
gcn_vae,cora,0.1,128,0.1,980,0.08411081710458129,0.5908362064298873
gcn_vae,cora,0.1,128,0.1,990,0.08304095951800378,0.5919740416904964
gcn_vae,cora,0.1,128,0.1,1000,0.08146420228942734,0.5952839838944816
gcn_vae,cora,0.05,128,0.1,0,0.0045587411580759974,0.10636424570320639
gcn_vae,cora,0.05,128,0.1,100,0.004327117102484992,0.14994494797123797
gcn_vae,cora,0.05,128,0.1,200,0.00827580863613332,0.19594146364017398
gcn_vae,cora,0.05,128,0.1,300,0.017677810851159572,0.25087953656932244
gcn_vae,cora,0.05,128,0.1,400,0.03913810752472658,0.4701060232576873
gcn_vae,cora,0.1,128,0.1,0,0.0,0.0
gcn_vae,cora,0.1,128,0.1,0,0.0009454409014815648,0.0003724519590639555
gcn_vae,cora,0.1,128,0.1,10,0.0,0.0
gcn_vae,cora,0.1,128,0.1,20,0.0,0.0
gcn_vae,cora,0.1,128,0.1,30,0.0,0.0
gcn_vae,cora,0.05,128,0.1,500,0.05736774033932339,0.5290642476129404
gcn_vae,cora,0.1,128,0.1,0,0.0,0.0
gcn_vae,cora,0.05,128,0.1,600,0.05922589240460618,0.5329983892184177
gcn_vae,cora,0.05,128,0.1,700,0.06722730711262727,0.5503603653536361
gcn_vae,cora,0.05,128,0.1,800,0.07264959030426685,0.5783012981452177
gcn_vae,cora,0.05,128,0.1,900,0.07538932012253809,0.5740453017602147
gcn_vae,cora,0.05,128,0.1,1000,0.07553321651156335,0.5694859915273865
gcn_vae,cora,0.1,128,0.1,0,0.006137277820463692,0.09063528949914859
gcn_vae,cora,0.1,128,0.1,100,0.008833980535901039,0.18172272286128108
gcn_vae,cora,0.1,128,0.1,200,0.03921498346250373,0.37866643783363807
gcn_vae,cora,0.1,128,0.1,300,0.06954611110366436,0.5529779572193758
gcn_vae,cora,0.1,128,0.1,400,0.06961390650987428,0.5611374030576706
gcn_vae,cora,0.1,128,0.1,500,0.07062189605869887,0.5440160282675081
gcn_vae,cora,0.1,128,0.1,600,0.08419565345585087,0.5649344351014263
gcn_vae,cora,0.1,128,0.1,700,0.08124340167441672,0.580232749897657
gcn_vae,cora,0.1,128,0.1,0,0.004115183428468283,0.10576865641316648
gcn_vae,cora,0.1,128,0.1,0,0.005015287658788601,0.09417746898800328
gcn_vae,cora,0.1,128,0.1,0,0.003371276112087495,0.09907179034395455
gcn_vae,cora,0.1,128,0.1,0,0.005274874846380147,0.10270166682437526
gcn_vae,cora,0.1,128,0.1,0,0.006063252953772857,0.11117998797011223
gcn_vae,cora,0.1,128,0.1,0,0.006143526798329213,0.10291622471164096
gcn_vae,cora,0.1,128,0.1,0,0.0,0.0
gcn_vae,cora,0.1,128,0.1,0,0.01023280322273865,0.023395801974090517
gcn_vae,cora,0.1,128,0.1,0,0.0033204882394430027,0.00438519060221371
gcn_vae,cora,0.1,128,0.1,100,0.0,0.0
gcn_vae,cora,0.05,128,0.1,0,0.004038537973129892,0.1021117134032162
gcn_vae,cora,0.05,128,0.1,0,0.00584206950016618,0.11073514919832099
gcn_vae,cora,0.05,128,0.1,100,0.00712642288964396,0.1566268089882704
gcn_vae,cora,0.05,128,0.1,200,0.008378495732283458,0.1862627562687016
gcn_vae,cora,0.05,128,0.1,300,0.0474497677959736,0.37046649989281083
